.Random.seed <-
c(403L, 204L, -1786615589L, -334936205L, -609074416L, -381332428L, 
1117737001L, -550666580L, 1606254170L, -1717139305L, -692431112L, 
587657759L, 2144124929L, 1538778655L, 1245435411L, -855224528L, 
-1322272576L, 2144537080L, -715791608L, 1601831823L, 233052034L, 
1771398768L, 1198737869L, -1951347848L, 1768293846L, -1048390860L, 
1806180712L, 1241943290L, -1032819658L, 1832431165L, 1077801300L, 
1634767559L, -829411341L, -2136615437L, -181947475L, -584614845L, 
-1771703973L, 114190708L, 1465734272L, -1903925347L, -1786566615L, 
-1682378543L, 1565904252L, 726666070L, -1023996200L, 245695122L, 
-1799719871L, 159404883L, -97452560L, 954784400L, 1456683177L, 
1036648164L, -1726954775L, 1973617756L, 1145652405L, -677606052L, 
593631418L, -187426484L, 2102505029L, 1600808098L, 1706659435L, 
1161652253L, 1229882940L, 1216011246L, 1722178547L, 2092734926L, 
-1650614565L, 2037365488L, 2101308630L, -1191427420L, 289059566L, 
-1027429837L, 1613725210L, 1105365732L, -1926518413L, -1555528699L, 
707417812L, -2048907039L, 952933790L, -1576647187L, 42849358L, 
1598315284L, 1210002496L, -1274044837L, -720768828L, 1324505450L, 
353672377L, 134267669L, 467976035L, -235493956L, 1813851630L, 
-2006363087L, -2044246037L, 1930637316L, -110619826L, 367031176L, 
-86408744L, 696862231L, -1182890319L, -1920523670L, -434202439L, 
-805499568L, 542141864L, -524372136L, -629581211L, 111418616L, 
-180908130L, 1348208939L, -269912350L, 956265753L, 843765233L, 
1351500850L, -1966607110L, 14350872L, -1428943169L, 542987015L, 
217932599L, 591906964L, -1362408872L, -58605358L, -301919737L, 
-663694409L, 746745159L, -1005685496L, 1919701619L, 1879411332L, 
1563715630L, 1077731226L, -582177572L, 435251521L, 541220407L, 
-775976451L, 874758640L, -1254570534L, 1465724100L, 946489247L, 
1061585260L, -847892871L, -1220359550L, 1081277571L, -1095342732L, 
1472230148L, -556403979L, 550501451L, -198919964L, 97071733L, 
965616800L, -393884160L, -137532635L, -560125452L, 1929169571L, 
155192118L, -1024568848L, 567415729L, -1615807099L, 453426959L, 
-1289891722L, 497784942L, -64967598L, -1465594359L, 584699189L, 
1032368878L, -732856265L, 1984728736L, -1235981740L, -2125527843L, 
1425736459L, -310557895L, 1205688516L, 1806234460L, -2071593500L, 
1040723518L, -23316201L, 571187297L, -959459052L, 1713554349L, 
207526378L, -1114479130L, 1614751602L, 1128223623L, -440329566L, 
-1271939580L, 966306660L, 629429887L, -1532409666L, 258301185L, 
1869409665L, -1725260212L, -72238148L, 986708432L, -1786817524L, 
-1572253478L, 2044751376L, -1734017167L, 1005429118L, -323344992L, 
1895168953L, 127687072L, -1714735034L, 2072261143L, -2118159319L, 
-782308735L, 668004019L, -1215756869L, -1141599129L, -183546792L, 
1212840693L, 224320108L, -627913034L, 1218496559L, 1688239231L, 
186738378L, 1235542884L, 1946174114L, 33441622L, -1352275846L, 
901564567L, 1066528093L, 84358138L, -335381334L, 2085662034L, 
-1398148885L, -1097328208L, 2048045470L, -1992978042L, -837219958L, 
1988427943L, -2136780593L, -1898983859L, -1736596708L, -28018188L, 
-1711062557L, -1448467199L, -2036046978L, 1856357902L, 1913352102L, 
307394364L, 1715953082L, -928481148L, 1744096897L, -737217032L, 
-1654921859L, -1896264022L, 439810882L, 350218939L, 1829462279L, 
-193321335L, -936226720L, -183912460L, -1870039861L, 1620301776L, 
1498449970L, 158001040L, 797349420L, -1648736156L, 1039586168L, 
-1887024516L, -1098779350L, -1599160481L, 379075392L, 1847594863L, 
-1415290382L, -879479013L, 1897129478L, 590620561L, 234327965L, 
564877116L, -1681153876L, -10449681L, 2086070432L, -753035608L, 
-744250431L, 1383322759L, 805012033L, -684244373L, -644687606L, 
2014316569L, 165267703L, 636151344L, 1875404114L, 52864154L, 
1626351923L, 732837665L, -264498643L, 541608772L, -2076411151L, 
-1279163762L, -1517954085L, 1547485622L, 335339603L, -455457030L, 
1784851736L, 988991609L, -408343475L, -2126250549L, 1437536045L, 
-1815358174L, -612156852L, -1353541802L, 1502680155L, -81537387L, 
-730699431L, 926709158L, 826960064L, -532479512L, 1008235084L, 
-1743326613L, 675484401L, 572419281L, -1815418324L, -1944505635L, 
290812635L, -578549404L, 1714950865L, 764640949L, 1710420888L, 
-888453783L, 157841094L, -1342388801L, -1918244761L, -1816969178L, 
1556892019L, 1098721510L, 1309530571L, 185956241L, 1748798457L, 
-1760497709L, -1618432316L, 2103339104L, 1323187589L, 2051584571L, 
-1031607802L, -1249044712L, -623328972L, -983188572L, 1544413291L, 
952966499L, -472361478L, 723225670L, -1137284784L, -186016743L, 
529323668L, -1490650383L, 1803770902L, -165872469L, -1276242006L, 
941810658L, -604292527L, -1770877860L, -1865373766L, -373060835L, 
-1643611448L, 191171498L, -11453485L, -1254994212L, -553619089L, 
-1346929925L, -1636581183L, -1202558772L, -438399903L, 1867458203L, 
-1639155403L, -993357858L, 1747847973L, 1805682877L, -1447093478L, 
937027464L, -1206621230L, 1197682284L, 1359950061L, -1627296347L, 
1506513132L, -865905784L, -1835785585L, -2041138214L, -962112345L, 
-944978006L, -797388909L, -518288870L, 1464436316L, -1720354219L, 
-1055517158L, -1191140900L, 1195403753L, 1912591127L, 1962299187L, 
-294944235L, -2058687875L, -355804725L, 1382618279L, -1137248786L, 
-1308414266L, 1992471312L, 2113826891L, 1480646118L, -365696665L, 
-368099717L, -970076000L, 711311488L, 1987202845L, 1350467887L, 
-1896699787L, 147032204L, 598562231L, 1587958816L, -1718316581L, 
790005656L, -1489201062L, 1846213333L, 1990929753L, -1955277599L, 
-647424166L, -1223952573L, 1460477453L, -1158890143L, -1050612618L, 
-1370810771L, -378055842L, -1235956156L, -8338829L, 1619772150L, 
2145498853L, 1083532362L, 775661080L, 109000870L, 1074286654L, 
2076836219L, 616417477L, -699279039L, -1577272596L, 1382673439L, 
1709730262L, -2109203509L, -1022791190L, -158221826L, 1301742599L, 
-555277076L, 766702488L, 1456931228L, -1882822492L, -2026362446L, 
-2071289285L, -1156992690L, 1984759799L, -1206808227L, 270863327L, 
1242855495L, 1825411118L, 302951516L, 8438039L, -2131114218L, 
605756974L, 715224442L, -1545920498L, 754723131L, 256684437L, 
-1979467051L, -337255604L, 514041732L, -416597077L, -2105195125L, 
-2084367336L, 798851958L, 1996089551L, -697043028L, 1146979534L, 
-618104564L, -1915810547L, 1023539241L, 1538402184L, 1456557876L, 
-1956737951L, 1742473623L, -1324113728L, -1667928937L, -1234620741L, 
1661463522L, -770147257L, 959042350L, -450583982L, 832083968L, 
-1912158137L, 693312365L, 1988544802L, -1049493051L, 1786739683L, 
436549079L, -1493995662L, -1059366651L, 2018271981L, 807099852L, 
-1490413450L, 475014L, 6586537L, 1334725243L, -1304496709L, 1135556664L, 
-1456088830L, -1361188864L, -272463158L, -1132994331L, 257808647L, 
1667117993L, -901728204L, -1705782317L, 1184283134L, 198222985L, 
903321469L, 1775633615L, -1069980206L, 340033482L, 778775295L, 
-735719210L, 786165892L, -836633430L, 282217946L, 1162084342L, 
-8741384L, -2012346165L, -137494092L, 139285084L, -439727164L, 
1771931613L, -943590103L, 311156138L, 354750281L, 1710529543L, 
-1531175138L, -1834306144L, 1922018871L, -1844624964L, 979348543L, 
396773702L, 241279853L, 975418688L, 437005220L, -655325713L, 
-1780166307L, 581679067L, 104004509L, 1726801155L, 1774631856L, 
1267617477L, 1178260844L, -554321584L, -669902613L, 1644520469L, 
-1100164222L, 1766427179L, -490028048L, -1162451411L, -671394835L, 
-1559462054L, -1746625497L, -1789317045L, 205265281L, 403776039L, 
1825181521L, 807455687L, 1887642612L, -187083496L, 1453385625L, 
1764116500L, -27879888L, 1065825328L, -960246636L, -1852070462L, 
1986536412L, -942716604L, -508120701L, 1494831181L, -367865807L, 
-1088074109L, 1773140645L, 390479585L, 982555139L, -1290642068L, 
444263435L, -1676083417L, 1418638687L, -382870490L, -776218463L, 
1009418754L, 276400753L, -818212750L, -1650933729L, -1196917814L, 
1354564212L, -1921623756L, -918243085L, 1601233171L, -1162319188L, 
799741746L, -133545032L, -1493690084L, -1914204352L, -1626562876L, 
-1979020405L, 1874474207L, -1059132188L, 493457435L, 445981659L, 
